37.806206
37.8327
37.8327
37.8327
37.80886
37.809241
37.808756
37.806367
37.818191
37.810292
37.797475
37.807376
37.809173
37.809038
37.802053
37.81019
37.825988
37.831886
37.826429
37.808597
37.827039
37.81097
37.796898
37.75299
37.818903
37.796729
37.750018
37.750527
37.827243
37.750527
37.825243
37.827446
37.75124
37.827751
37.826632
37.776549
37.827039
37.80507
37.824971
37.776218
37.810666
37.80613
37.79232
37.79232
37.79232
37.79232
37.828565
37.828565
37.79232
37.79232
37.79232
37.79232
37.754633
37.754633
37.79232
37.79232
37.79232
37.79232
37.79232
37.810733
37.807529
37.816073
37.806274
37.806062
37.806872
37.806092
37.806189
37.805948
37.819721
37.83229
37.83243
37.828058
37.831898
37.83229
37.83229
37.83229
37.833051
37.83225
37.808763
37.814666
37.80474
37.808995
37.804511
37.801883
37.809313
37.807669
37.803087
37.805666
37.806333
37.806283
37.802949
37.803952
37.806283
37.808893
37.805977
37.805977
37.805545
37.801849
37.805301
37.806291
