-122.454825
-122.479684
-122.479684
-122.479684
-122.473762
-122.47816
-122.470498
-122.454257
-122.477645
-122.410783
-122.418851
-122.407608
-122.409925
-122.411899
-122.419195
-122.41044
-122.420911
-122.479362
-122.486228
-122.475328
-122.4864
-122.410526
-122.407994
-122.4449
-122.407007
-122.407779
-122.44769
-122.448291
-122.424259
-122.448034
-122.418937
-122.424602
-122.448377
-122.424173
-122.423744
-122.434902
-122.422714
-122.400827
-122.421941
-122.433967
-122.476834
-122.451961
-122.406148
-122.406148
-122.406148
-122.406148
-122.481851
-122.481851
-122.406148
-122.406148
-122.406148
-122.406148
-122.446939
-122.446939
-122.406148
-122.406148
-122.406148
-122.406148
-122.406148
-122.47653
-122.473847
-122.37187
-122.449858
-122.455061
-122.447991
-122.454782
-122.450351
-122.455372
-122.478453
-122.47998
-122.47937
-122.497753
-122.477661
-122.47998
-122.47998
-122.47998
-122.480008
-122.47997
-122.470403
-122.477978
-122.477366
-122.472753
-122.477409
-122.419581
-122.470076
-122.475963
-122.46358
-122.4535
-122.453
-122.454554
-122.406202
-122.456783
-122.454554
-122.471991
-122.455211
-122.455211
-122.457604
-122.4755
-122.453422
-122.450566
